R= 
0.293517    -0.271519    0.169587    -0.102975    -0.191842    -0.306121    0.229454    0.209734    -0.182845    0.290463    -0.303220    -0.0365401    0.255497    -0.164065    -0.205553    -0.00458130    -0.301938    -0.000131888    0.277405    -0.244833    
0.113983    0.287833    0.308025    0.201126    -0.279888    0.0574174    0.254350    -0.328756    -0.297893    -0.225779    -0.0320110    0.0767884    0.228894    0.291799    -0.265516    0.0103894    0.146186    0.000331869    0.181413    0.324585    
-0.246627    -0.0269933    0.396972    -0.285226    -0.222933    0.296673    0.0583396    0.298027    -0.309339    -0.120157    0.299103    -0.123071    -0.0451735    -0.348210    -0.143526    -0.0187372    0.234525    -0.000688972    -0.154594    -0.178012    
-0.221599    -0.260513    0.432060    0.342270    -0.0560607    -0.0988208    -0.186880    -0.124092    -0.220934    0.313411    0.0779447    0.175947    -0.271532    0.310800    0.0732324    0.0311978    -0.248477    0.00135510    -0.289928    -0.0971359    
0.143949    0.283620    0.420196    -0.357607    0.136943    -0.285552    -0.279516    -0.112822    -0.0671806    -0.0999571    -0.285028    -0.233505    -0.218449    -0.181258    0.243611    -0.0496661    -0.132860    -0.00259394    -0.0567537    0.299504    
0.292474    -0.0106566    0.374854    0.318998    0.270096    0.122681    -0.152038    0.289203    0.104492    -0.246109    -0.137679    0.290495    0.0531125    -0.00726980    0.266780    0.0762565    0.298987    0.00484742    0.246910    -0.268776    
0.00911287    -0.273760    0.311268    -0.222380    0.293576    0.279105    0.0904618    -0.301461    0.251527    0.258030    0.251905    -0.337776    0.273201    0.193208    0.137008    -0.112953    0.0284651    -0.00884311    0.251557    0.0205367    
-0.287400    0.254876    0.242807    0.0779836    0.207537    -0.128140    0.267513    0.132689    0.347554    0.0888917    0.206595    0.362621    0.237536    -0.303906    -0.0667870    0.160893    -0.307988    0.0157315    -0.0401414    0.245002    
-0.179066    0.0553048    0.179037    0.0858946    0.0513362    -0.281086    0.260388    0.120412    0.385273    -0.309083    -0.188153    -0.350685    -0.0121792    0.285621    -0.236832    -0.219218    0.0581312    -0.0272228    -0.285956    -0.295610    
0.174881    -0.300233    0.125353    -0.225133    -0.120319    0.113398    0.0836229    -0.292533    0.372605    0.0771815    -0.271617    0.290214    -0.251369    -0.135541    -0.295971    0.283580    0.293796    0.0456698    -0.215498    0.0759495    
0.295772    0.179204    0.0836198    0.291010    -0.260447    0.291457    -0.144359    0.256512    0.325743    0.270618    0.0836931    -0.178249    -0.283147    -0.0823689    -0.228053    -0.344694    -0.118408    -0.0739950    0.0849047    0.216112    
0.0346296    0.167604    0.0532836    -0.250130    -0.343002    -0.0747937    -0.289835    -0.0274653    0.262337    -0.200934    0.307237    0.0273491    -0.0929016    0.255681    -0.0715843    0.387727    -0.274359    0.115288    0.298191    -0.293296    
-0.269752    -0.296041    0.0325018    0.106736    -0.364480    -0.304581    -0.282134    -0.223434    0.196885    -0.187372    0.0602733    0.130704    0.166196    -0.279572    0.109599    -0.393750    0.151650    -0.171829    0.218343    0.0662520    
-0.249446    0.0254439    0.0190120    0.0852061    -0.337461    0.00764838    -0.138024    0.286532    0.138759    0.270131    -0.276281    -0.248704    0.309600    0.127489    0.257866    0.344471    0.262808    0.243368    -0.0663221    0.232493    
0.0593818    0.280648    0.0106786    -0.234387    -0.281396    0.306626    0.0663359    -0.0953291    0.0923152    0.100308    -0.215154    0.278806    0.252034    0.110829    0.340814    -0.230621    -0.159313    -0.324714    -0.291891    -0.268693    
0.302431    -0.181511    0.00576333    0.254455    -0.214897    0.0893830    0.244992    -0.185149    0.0581737    -0.297548    0.145126    -0.196711    0.0432127    -0.268752    0.354134    0.0622384    -0.265968    0.403233    -0.271678    -0.0116969    
0.225921    -0.188968    0.00298992    -0.121381    -0.151392    -0.273783    0.341207    0.282790    0.0347510    -0.0341619    0.311021    0.0254236    -0.189339    0.218009    0.313166    0.124032    0.140471    -0.457671    -0.0365551    0.277704    
-0.0773345    0.266945    0.00148517    -0.0911785    -0.0980159    -0.204496    0.340692    -0.0861831    0.0195747    0.303338    0.0768178    0.158741    -0.327952    0.0135556    0.240787    -0.268076    0.283363    0.460520    0.225544    -0.187614    
-0.307226    0.0829680    0.000690038    0.239015    -0.0565887    0.176558    0.262333    -0.204834    0.0101217    -0.000515271    -0.251979    -0.253788    -0.321896    -0.233135    0.157503    0.306109    -0.0897928    -0.386135    0.333588    -0.153371    
-0.263181    -0.295163    0.000265372    -0.203563    -0.0252873    0.298509    0.138982    0.259781    0.00420243    -0.303305    -0.284850    0.191890    -0.192191    0.233232    0.0760637    -0.205643    -0.304540    0.224982    0.232797    0.280516    
