Printout for orthogonal test: 
Matrix M at iteration 250
M= 
0.286427    -0.277168    0.157437    -0.113798    -0.187565    -0.309461    0.243791    0.208899    -0.188364    0.296032    -0.306319    -0.0328596    0.240048    -0.156726    -0.216112    -0.00720792    -0.299325    0.000170719    0.269169    -0.245690    
0.119162    0.293145    0.295875    0.215522    -0.273714    0.0521695    0.263628    -0.326795    -0.302391    -0.225638    -0.0388740    0.0689429    0.215624    0.279458    -0.279959    0.0145234    0.142801    -0.00176636    0.181217    0.326971    
-0.246002    -0.0279474    0.391976    -0.300445    -0.218282    0.300019    0.0526374    0.299267    -0.314823    -0.126181    0.296605    -0.116204    -0.0460979    -0.332734    -0.159503    -0.0175279    0.237657    0.000290100    -0.147424    -0.177441    
-0.225988    -0.257999    0.434444    0.359666    -0.0612987    -0.0923520    -0.202903    -0.130922    -0.220562    0.312082    0.0851189    0.168721    -0.255098    0.295268    0.0621556    0.0247874    -0.250294    -0.00108856    -0.288154    -0.0974479    
0.138086    0.285305    0.426324    -0.371835    0.123466    -0.294195    -0.290624    -0.108470    -0.0642488    -0.0922823    -0.285278    -0.225419    -0.200174    -0.167905    0.241832    -0.0363783    -0.131195    0.00292308    -0.0620757    0.295828    
0.293867    -0.0140070    0.381103    0.327897    0.254070    0.115924    -0.144480    0.293467    0.102689    -0.245851    -0.152509    0.286867    0.0600716    -0.0184710    0.268216    0.0624075    0.296875    4.30625E-05    0.244747    -0.267100    
0.0195446    -0.273440    0.318317    -0.222841    0.287191    0.291059    0.0993003    -0.306700    0.246117    0.249616    0.240387    -0.334958    0.273856    0.199586    0.136104    -0.0984429    0.0267412    -0.00285907    0.256396    0.0192556    
-0.276780    0.257183    0.243165    0.0730921    0.211255    -0.119860    0.274492    0.140537    0.340689    0.0981269    0.217740    0.365182    0.235587    -0.307294    -0.0695936    0.146318    -0.307612    0.00837343    -0.0368994    0.244907    
-0.183120    0.0565653    0.177347    0.0886104    0.0614124    -0.288302    0.264127    0.120233    0.382692    -0.305033    -0.174090    -0.360178    -0.0132604    0.285169    -0.236276    -0.205164    0.0576446    -0.0219236    -0.292125    -0.291143    
0.161682    -0.299237    0.122431    -0.220875    -0.113973    0.108200    0.0792023    -0.292343    0.372907    0.0734707    -0.274584    0.308473    -0.252185    -0.129114    -0.298390    0.273583    0.296089    0.0411467    -0.222903    0.0767941    
0.294272    0.177209    0.0815645    0.281034    -0.256727    0.297091    -0.150890    0.253449    0.326235    0.270704    0.0660837    -0.204490    -0.283324    -0.0941537    -0.237078    -0.336920    -0.118087    -0.0702897    0.0837425    0.211048    
0.0352879    0.163098    0.0528472    -0.239817    -0.343257    -0.0710985    -0.288494    -0.0186222    0.266764    -0.201512    0.298112    0.0517230    -0.0825791    0.266383    -0.0854891    0.387068    -0.273219    0.114481    0.306602    -0.292247    
-0.268122    -0.287421    0.0329108    0.101556    -0.367174    -0.304713    -0.270186    -0.226427    0.199782    -0.185029    0.0662427    0.109607    0.183866    -0.286274    0.0951107    -0.399791    0.149365    -0.176265    0.221636    0.0669038    
-0.256111    0.0209485    0.0158155    0.0859058    -0.343818    0.00848091    -0.121936    0.287186    0.135526    0.274189    -0.268962    -0.233638    0.321478    0.124740    0.245781    0.348974    0.263930    0.248892    -0.0659795    0.230603    
0.0562021    0.282974    0.0115962    -0.223178    -0.293735    0.306219    0.0791754    -0.0954072    0.0882078    0.0961641    -0.214946    0.268765    0.251385    0.119691    0.330202    -0.236202    -0.159106    -0.329893    -0.294379    -0.269796    
0.300403    -0.182934    0.0129189    0.234016    -0.227240    0.0886517    0.244379    -0.177940    0.0561526    -0.302121    0.144298    -0.192155    0.0354056    -0.280391    0.344750    0.0717105    -0.272056    0.408049    -0.271711    -0.00964243    
0.226332    -0.192677    0.0130192    -0.111555    -0.161205    -0.268121    0.329363    0.279507    0.0338716    -0.0244620    0.317876    0.0239070    -0.203407    0.223690    0.311037    0.119346    0.140567    -0.456705    -0.0366620    0.281268    
-0.0778284    0.268217    0.0104213    -0.0843798    -0.102578    -0.200591    0.328805    -0.0929470    0.0201238    0.305382    0.0857778    0.156676    -0.336532    0.0171450    0.239968    -0.273721    0.282974    0.459013    0.220915    -0.189917    
-0.315263    0.0827271    0.00542846    0.222185    -0.0552981    0.166554    0.256360    -0.200222    0.0107791    -0.00429705    -0.253519    -0.254585    -0.329421    -0.244177    0.160877    0.318650    -0.0918837    -0.379142    0.327402    -0.153621    
-0.273287    -0.290084    0.00290751    -0.189391    -0.0241745    0.285202    0.135567    0.255528    0.00368328    -0.301816    -0.290224    0.196136    -0.197213    0.241701    0.0767804    -0.221282    -0.301726    0.219813    0.227474    0.287421    
