Printout for orthogonal test: 
Matrix M at iteration 150
M= 
0.364896    -0.300956    0.176543    -0.101001    -0.138135    -0.283107    0.241958    0.166336    -0.175407    0.352338    -0.303641    -0.0360316    0.248683    -0.210851    -0.155880    0.00975951    -0.231223    -0.00825205    0.258639    -0.223467    
0.166088    0.317608    0.330084    0.178587    -0.226346    0.0615767    0.290492    -0.255602    -0.273177    -0.227389    -0.0322179    0.0583790    0.238018    0.349175    -0.248223    -0.0115383    0.136930    -0.00529019    0.206567    0.305613    
-0.271126    -0.0561818    0.412400    -0.295608    -0.240852    0.276549    0.101223    0.226037    -0.255020    -0.159044    0.284726    -0.0912871    -0.0566932    -0.410835    -0.185928    0.0127623    0.210734    0.00632100    -0.120464    -0.156923    
-0.238515    -0.245368    0.447415    0.377279    -0.161482    -0.112190    -0.191907    -0.0635662    -0.139492    0.329031    0.0736498    0.135418    -0.253172    0.339771    -0.00459469    -0.0124158    -0.200958    -0.00938979    -0.281414    -0.0999488    
0.142183    0.247507    0.420550    -0.389545    0.0338749    -0.274225    -0.348737    -0.153893    0.0175747    -0.0783139    -0.293727    -0.214355    -0.197994    -0.147298    0.192486    -0.00474978    -0.132604    -0.00773522    -0.126625    0.312976    
0.287969    0.0270695    0.375739    0.343818    0.186195    0.124437    -0.243100    0.294615    0.176210    -0.270829    -0.142039    0.289613    0.0648384    -0.0933502    0.266415    0.0392181    0.261983    0.0127029    0.162231    -0.268151    
0.0158066    -0.255637    0.309267    -0.216218    0.263860    0.317244    0.0164945    -0.269242    0.298056    0.262155    0.251189    -0.331841    0.246419    0.224392    0.181943    -0.0829488    0.0834473    -0.0188734    0.244120    -0.0149820    
-0.250980    0.245826    0.220902    0.0613613    0.205930    -0.153095    0.269086    0.0928037    0.351923    0.153544    0.241124    0.376427    0.218856    -0.281295    -0.0163999    0.150996    -0.320752    0.0172785    0.00686714    0.276706    
-0.169338    0.0663803    0.136776    0.0795259    0.0617388    -0.300526    0.345643    0.142450    0.416131    -0.305678    -0.175343    -0.389614    -0.00422615    0.189340    -0.185916    -0.226265    0.000773653    0.00233288    -0.220254    -0.297830    
0.127082    -0.308631    0.0375047    -0.180179    -0.134771    0.123187    0.178104    -0.286072    0.406608    0.0220315    -0.281829    0.336676    -0.234475    -0.0206673    -0.251607    0.302345    0.299753    -0.00389877    -0.204478    0.0862171    
0.281817    0.182087    -0.0178787    0.242261    -0.306413    0.311678    -0.0731931    0.229861    0.334395    0.279741    0.0576122    -0.195698    -0.279688    -0.158434    -0.223478    -0.353557    -0.0684630    -0.00396685    0.0726920    0.243388    
0.0837616    0.156417    -0.0206425    -0.226063    -0.388637    -0.0763337    -0.234496    0.0281592    0.256908    -0.171507    0.290887    0.0270722    -0.0800841    0.248796    -0.105744    0.391236    -0.303157    0.0441256    0.309878    -0.318025    
-0.238785    -0.286987    -0.0392996    0.0775261    -0.380524    -0.309363    -0.224341    -0.278656    0.179753    -0.203596    0.0648271    0.144555    0.201091    -0.231729    0.0639811    -0.424336    0.119937    -0.140898    0.255262    0.0896461    
-0.290739    0.0402142    -0.0478441    0.0911969    -0.356521    -0.0310614    -0.101889    0.294899    0.112714    0.224598    -0.246523    -0.250390    0.342141    0.0785955    0.216641    0.367678    0.302756    0.217496    -0.0330221    0.214004    
-0.0107639    0.283554    -0.0310890    -0.231136    -0.296253    0.308660    0.0967720    -0.0497110    0.0515732    0.118754    -0.218581    0.255609    0.264926    0.106274    0.325238    -0.253271    -0.166249    -0.308184    -0.305264    -0.270434    
0.260543    -0.194728    -0.0106113    0.235871    -0.222072    0.111649    0.237500    -0.246683    0.0103295    -0.265742    0.145555    -0.171997    0.0452002    -0.219743    0.386318    0.105592    -0.298272    0.410436    -0.262754    0.0270460    
0.228734    -0.173172    -0.00142390    -0.0900270    -0.126177    -0.251874    0.297421    0.324844    -0.00551715    -0.0475562    0.314000    -0.00184710    -0.203952    0.181321    0.378192    0.0603875    0.162852    -0.470143    -0.0384981    0.255269    
-0.0551881    0.269084    0.0139889    -0.130778    -0.0728520    -0.210220    0.269976    -0.107388    -0.0248053    0.270176    0.0626072    0.166339    -0.346228    0.0219770    0.286823    -0.213535    0.307294    0.478069    0.230961    -0.208777    
-0.288768    0.102467    0.0203948    0.265202    -0.0237536    0.152178    0.212186    -0.238526    -0.0299597    0.00716407    -0.264342    -0.219054    -0.319315    -0.233255    0.191485    0.272359    -0.102634    -0.401761    0.372194    -0.115001    
-0.250849    -0.291443    0.0273962    -0.200502    0.00845005    0.261854    0.110522    0.320368    -0.0206139    -0.255527    -0.296890    0.169221    -0.171390    0.242891    0.105315    -0.183223    -0.326114    0.235219    0.285090    0.263077    
