Printout for orthogonal test: 
Matrix M at iteration 400
M= 
0.293510    -0.271506    0.169584    -0.102958    -0.191765    -0.306157    0.229552    0.209703    -0.183020    0.290468    -0.303301    -0.0365652    0.255424    -0.164097    -0.205330    -0.00463817    -0.301924    -8.44017E-05    0.277426    -0.244807    
0.113941    0.287842    0.308075    0.201116    -0.279814    0.0574853    0.254422    -0.328750    -0.298106    -0.225811    -0.0321076    0.0768447    0.228835    0.291795    -0.265226    0.0104746    0.146164    0.000246342    0.181510    0.324548    
-0.246571    -0.0269830    0.397056    -0.285282    -0.222885    0.296643    0.0583308    0.298064    -0.309433    -0.120103    0.299083    -0.123185    -0.0451889    -0.348144    -0.143294    -0.0188954    0.234561    -0.000593014    -0.154528    -0.177999    
-0.221511    -0.260549    0.432074    0.342262    -0.0560256    -0.0988052    -0.186994    -0.124127    -0.220928    0.313332    0.0779764    0.176047    -0.271480    0.310719    0.0733519    0.0314504    -0.248506    0.00126138    -0.289941    -0.0971663    
0.144042    0.283605    0.420103    -0.357559    0.136995    -0.285530    -0.279598    -0.112849    -0.0670222    -0.0999095    -0.284996    -0.233558    -0.218350    -0.181190    0.243741    -0.0498883    -0.132841    -0.00254209    -0.0568571    0.299572    
0.292539    -0.0106053    0.374743    0.318922    0.270079    0.122642    -0.151983    0.289215    0.104688    -0.246143    -0.137680    0.290514    0.0531542    -0.00735271    0.266892    0.0764267    0.298969    0.00485471    0.246802    -0.268827    
0.00914431    -0.273769    0.311248    -0.222255    0.293508    0.279134    0.0905910    -0.301397    0.251697    0.258093    0.251844    -0.337730    0.273173    0.193320    0.137044    -0.112994    0.0284549    -0.00889124    0.251553    0.0205385    
-0.287466    0.254883    0.242862    0.0779334    0.207415    -0.128164    0.267548    0.132654    0.347562    0.0888643    0.206555    0.362537    0.237475    -0.304026    -0.0669290    0.160894    -0.307970    0.0158235    -0.0401081    0.245000    
-0.179103    0.0552227    0.179108    0.0859277    0.0512706    -0.281135    0.260310    0.120381    0.385147    -0.309117    -0.188189    -0.350575    -0.0122609    0.285736    -0.237085    -0.219172    0.0581181    -0.0273069    -0.285905    -0.295593    
0.174919    -0.300154    0.125387    -0.225221    -0.120398    0.113465    0.0835611    -0.292531    0.372424    0.0772419    -0.271648    0.290153    -0.251396    -0.135642    -0.296195    0.283485    0.293820    0.0457023    -0.215415    0.0759838    
0.295773    0.179211    0.0836624    0.291281    -0.260511    0.291381    -0.144385    0.256562    0.325550    0.270605    0.0836956    -0.178285    -0.283090    -0.0823091    -0.228187    -0.344578    -0.118409    -0.0739776    0.0849732    0.216067    
0.0347138    0.167635    0.0533110    -0.250419    -0.343100    -0.0748120    -0.289787    -0.0274501    0.262243    -0.200890    0.307181    0.0274160    -0.0928284    0.255685    -0.0716106    0.387603    -0.274369    0.115213    0.298244    -0.293258    
-0.269652    -0.296133    0.0325142    0.106908    -0.364533    -0.304515    -0.282142    -0.223483    0.196848    -0.187418    0.0602868    0.130610    0.166277    -0.279640    0.109575    -0.393663    0.151660    -0.171744    0.218326    0.0662524    
-0.249418    0.0254465    0.0189436    0.0851206    -0.337479    0.00758947    -0.138030    0.286551    0.138790    0.270110    -0.276305    -0.248656    0.309648    0.127624    0.257772    0.344501    0.262793    0.243341    -0.0664423    0.232470    
0.0593511    0.280649    0.0105733    -0.234254    -0.281402    0.306605    0.0663830    -0.0953252    0.0924450    0.100374    -0.215167    0.278810    0.252012    0.110654    0.340682    -0.230787    -0.159316    -0.324737    -0.292019    -0.268693    
0.302404    -0.181455    0.00564861    0.254391    -0.214911    0.0894249    0.245094    -0.185136    0.0583117    -0.297573    0.145106    -0.196814    0.0431312    -0.268596    0.354001    0.0623724    -0.265962    0.403317    -0.271770    -0.0117324    
0.225878    -0.188951    0.00290656    -0.121400    -0.151424    -0.273781    0.341258    0.282756    0.0348854    -0.0341496    0.310935    0.0255189    -0.189418    0.217875    0.313153    0.123994    0.140456    -0.457732    -0.0366335    0.277751    
-0.0774433    0.266901    0.00144790    -0.0909942    -0.0980270    -0.204531    0.340585    -0.0862129    0.0196742    0.303337    0.0767348    0.158739    -0.328064    0.0136862    0.240851    -0.268162    0.283359    0.460515    0.225483    -0.187572    
-0.307295    0.0830031    0.000663709    0.238843    -0.0565780    0.176552    0.262136    -0.204769    0.0101829    -0.000556977    -0.252059    -0.253883    -0.321973    -0.233196    0.157598    0.306201    -0.0897926    -0.386070    0.333520    -0.153397    
-0.263164    -0.295192    0.000262568    -0.203474    -0.0252722    0.298550    0.138824    0.259817    0.00424468    -0.303260    -0.284907    0.191975    -0.192224    0.233205    0.0761305    -0.205716    -0.304552    0.224913    0.232728    0.280529    
