Printout for orthogonal test: 
Matrix M at iteration 100
M= 
0.437669    -0.366935    0.164039    -0.213043    -0.191178    -0.240798    0.263821    0.120626    -0.175491    0.273711    -0.0197123    0.0225896    0.157673    -0.122207    0.0552612    -0.000358968    -0.279579    -0.00967577    0.365114    -0.248585    
0.169012    0.372424    0.337212    0.352647    -0.307936    0.0976744    0.307380    -0.262286    -0.272961    -0.108223    0.0362989    -0.0210485    0.156042    0.173029    0.0475255    0.000165284    0.112929    0.00306737    0.243181    0.332559    
-0.326310    -0.0225249    0.418102    -0.511197    -0.296077    0.254551    0.116818    0.196314    -0.255132    -0.191417    0.116074    0.0496040    -0.00511428    -0.132972    -0.00665043    0.00108790    0.245108    0.0106685    -0.185104    -0.149550    
-0.260168    -0.317209    0.447742    0.533162    -0.153080    -0.179114    -0.200824    -0.00312392    -0.139319    0.221645    -0.0416171    -0.0702649    -0.137340    0.0308555    -0.0374041    -0.000977256    -0.176783    -0.0180993    -0.327102    -0.126909    
0.201956    0.245591    0.399515    -0.451225    0.118962    -0.338410    -0.367272    -0.198323    0.0176013    0.0540690    -0.237149    -0.0271099    -0.173780    0.128093    -0.0532436    -0.00595556    -0.156472    -0.0119790    -0.103777    0.296152    
0.350971    0.0909255    0.387200    0.262321    0.272871    0.102125    -0.271164    0.355538    0.175641    -0.295489    -0.0518385    0.147092    -0.0171218    -0.285550    -0.0146462    -0.00352241    0.245415    0.0177182    0.196747    -0.202961    
-0.0672879    -0.300907    0.318485    -0.108232    0.321451    0.339312    -0.0513672    -0.318802    0.299074    0.177937    0.269396    -0.237705    0.193534    0.335817    0.0687753    0.00397656    0.117466    -0.0219617    0.215409    -0.0565947    
-0.337256    0.216909    0.218454    0.00935464    0.179174    -0.120853    0.269702    0.150537    0.349940    0.224527    0.213791    0.364655    0.219972    -0.292850    0.0727119    0.00674029    -0.305500    0.00933000    0.0229094    0.253607    
-0.0457261    0.139330    0.122018    0.00623669    -0.0261115    -0.291252    0.431397    0.0976250    0.419061    -0.305080    -0.248283    -0.463987    0.0760910    0.164347    0.0122990    0.0423555    -0.0432474    0.0155073    -0.159049    -0.273239    
0.198286    -0.316978    0.0428348    -0.00318962    -0.222532    0.0983008    0.237831    -0.267117    0.402700    0.000545895    -0.298893    0.516254    -0.175615    0.0394135    -0.0499783    -0.0268055    0.246723    0.0112878    -0.219986    0.0907655    
0.198137    0.0970811    -0.00282649    -0.00384552    -0.372564    0.278012    -0.0349492    0.189731    0.338987    0.328696    0.178988    -0.426342    -0.356015    -0.262403    -0.115324    -0.00820707    -0.0169988    -0.0159998    -0.0130223    0.227023    
-0.0654210    0.179351    -0.0269442    -0.0114226    -0.402834    -0.0842965    -0.251230    0.00140714    0.251836    -0.182213    0.357641    0.294604    -0.180467    0.385931    -0.0526016    0.0990364    -0.245596    0.0222220    0.246152    -0.321539    
-0.239917    -0.219110    -0.0496744    -0.0103755    -0.306518    -0.282456    -0.280419    -0.246439    0.185225    -0.267161    -0.0308527    -0.145078    0.240230    -0.367023    0.0615382    -0.323302    0.140482    -0.135946    0.294183    0.159952    
-0.110759    0.00861331    -0.0502643    -0.00948082    -0.243292    -0.00113389    -0.262307    0.281889    0.107903    0.252591    -0.338208    0.00130037    0.376535    0.164836    0.237487    0.485631    0.223303    0.235459    0.0856028    0.118036    
0.115869    0.261461    -0.0195643    -0.00551520    -0.132447    0.324691    -0.153230    -0.0115681    0.0547941    0.157364    -0.221578    0.0543309    0.276655    0.0445293    0.396622    -0.443230    -0.212679    -0.310980    -0.228099    -0.255249    
0.210605    -0.124104    -0.00337030    -0.00247042    -0.0308212    0.113492    -0.0644167    -0.249307    0.00889321    -0.336046    0.214903    -0.0694246    0.0352867    -0.251042    0.478676    0.281321    -0.309576    0.384824    -0.276117    0.0581119    
0.0970932    -0.168963    -0.0138133    0.00225320    0.0331192    -0.254611    0.0612179    0.300846    -0.00636491    -0.0805621    0.284872    0.0157846    -0.176702    0.226708    0.514650    0.0374618    0.215546    -0.488383    -0.0930351    0.266824    
-0.117819    0.180596    0.00599005    0.00284763    0.0575591    -0.212859    0.0775628    -0.105408    -0.0220862    0.285044    0.0197934    0.00599724    -0.349250    -0.0384472    0.431563    -0.307008    0.326181    0.472938    0.150953    -0.220771    
-0.238184    0.0821432    0.0312784    0.00242977    0.0668878    0.154427    0.0667366    -0.252402    -0.0335196    0.00941950    -0.320445    -0.0146983    -0.366950    -0.239774    0.221738    0.433058    -0.115319    -0.402800    0.320703    -0.166413    
-0.175743    -0.241073    0.0368286    0.00156670    0.0410469    0.264482    0.0430313    0.321531    -0.0182564    -0.245519    -0.316402    -0.0108991    -0.233447    0.237492    0.120650    -0.297234    -0.354602    0.232711    0.281082    0.314993    
