Printout for orthogonal test: 
Matrix M at iteration 50
M= 
0.448687    -0.558619    0.355675    -0.214630    0.00000    -0.495519    0.261011    -0.0188565    0.00000    0.00570455    0.00000    0.00000    0.00000    0.00000    0.00000    0.00000    0.00000    0.00000    0.00000    0.00000    
0.390910    0.554807    0.592380    0.346605    0.00000    0.124666    0.227401    -0.0314057    0.00000    0.00950098    0.00000    0.00000    0.00000    0.00000    0.00000    0.00000    0.00000    0.00000    0.00000    0.00000    
-0.368702    -0.107364    0.618657    -0.513615    -0.125133    0.383747    -0.121252    0.154418    0.00000    -0.0190085    0.0562634    0.00000    0.0192054    -0.00412415    0.00000    0.00142859    -0.0241731    0.00000    0.000892471    -0.00529724    
-0.466675    -0.176250    0.371624    0.526380    0.126834    -0.369522    -0.365972    -0.209463    0.00000    0.0352844    -0.0570281    0.00000    -0.0194664    0.00418020    0.00000    -0.00144801    0.0245016    0.00000    -0.000904601    0.00536923    
0.132918    0.409596    0.0297223    -0.463757    0.408273    -0.338444    -0.419971    -0.0882714    0.00000    -0.121084    -0.300112    0.00000    -0.102443    0.0219984    0.00000    -0.00762020    0.128941    0.00000    -0.00476049    0.0282557    
0.219469    -0.349330    0.0292652    0.237030    0.620026    0.422662    -0.138147    0.350060    0.00000    -0.184899    -0.160419    0.00000    -0.0547586    0.0117588    0.00000    -0.00407322    0.0689225    0.00000    -0.00254462    0.0151035    
-0.0928202    -0.0238854    0.00000    -0.143065    0.547024    0.163574    0.252106    -0.583932    -0.127009    0.322386    0.300825    -0.0241784    0.102686    -0.0160126    0.00000    0.00878967    -0.129247    0.00000    0.00549108    -0.0325922    
-0.352984    0.213118    0.00000    -0.0284257    0.341612    -0.356094    0.405325    0.565199    0.129251    -0.0452359    0.250385    0.0246052    0.0854684    -0.0244981    0.00000    0.00518589    -0.107576    0.00000    0.00323973    -0.0192293    
-0.205144    -0.0298904    0.00000    -0.0141699    0.0247526    0.0652959    0.389592    -0.304690    0.412580    -0.485755    -0.310963    -0.336724    -0.106147    0.220309    0.00000    0.0297669    0.133603    0.00000    0.0185960    -0.110376    
-0.0351757    -0.0293132    0.00000    -0.0138963    0.0242747    0.0640350    0.0966971    -0.0506611    0.622493    0.343875    -0.252582    0.541944    -0.0862183    -0.232484    0.00000    -0.0542744    0.108520    0.00000    -0.0339063    0.201250    
0.166739    0.00000    0.00000    0.00000    0.00000    0.00000    -0.286631    0.0867944    0.542808    0.286901    0.279059    -0.622145    -0.0642626    -0.0868695    0.00000    -0.0248865    -0.164665    0.00000    -0.0341323    -0.00643533    
0.147474    0.00000    0.00000    0.00000    0.00000    0.00000    -0.253513    -0.111705    0.337033    -0.369244    0.431181    0.413615    0.310168    0.312583    0.00000    0.0963067    -0.139510    0.00000    0.0791538    -0.256246    
0.0107512    0.00000    0.00000    0.00000    0.00000    0.00000    -0.0184817    -0.0708435    0.0249012    -0.234175    0.0581925    -0.131093    0.616017    -0.395744    -0.121799    -0.420563    0.263572    0.00000    0.143110    0.317404    
-0.00449353    0.00000    0.00000    0.00000    0.00000    0.00000    0.00772453    0.0956784    0.0243229    0.316267    -0.282630    -0.128049    0.594709    0.271942    0.124695    0.553914    0.191273    0.00000    0.0821847    0.0230699    
-0.00412621    0.00000    0.00000    0.00000    0.00000    0.00000    0.00709309    0.0453693    0.00000    0.149970    -0.345452    0.00000    0.277098    0.123654    0.376651    -0.547405    -0.355501    -0.0298968    -0.173782    -0.406178    
0.00810718    0.00000    0.00000    0.00000    0.00000    0.00000    -0.0139365    -0.0891418    0.00000    -0.294660    -0.00371795    0.00000    0.0360750    -0.420699    0.604078    0.355133    -0.343327    0.0306689    -0.225471    0.256875    
-0.00157801    0.00000    0.00000    0.00000    0.00000    0.00000    0.00271266    0.0173509    0.00000    0.0573539    0.236529    0.00000    -0.137133    0.423418    0.538603    -0.237904    0.348177    -0.353496    0.0311763    0.385377    
-0.00153521    0.00000    0.00000    0.00000    0.00000    0.00000    0.00263909    0.0168803    0.00000    0.0557983    0.117193    0.00000    -0.117500    -0.170298    0.406134    -0.0297682    0.368336    0.605662    0.402297    -0.331479    
0.00000    0.00000    0.00000    0.00000    0.00000    0.00000    0.00000    0.00000    0.00000    0.00000    -0.0909066    0.00000    -0.0657396    -0.255093    0.0751171    0.0883636    -0.141234    -0.605198    0.688366    -0.220978    
0.00000    0.00000    0.00000    0.00000    0.00000    0.00000    0.00000    0.00000    0.00000    0.00000    -0.140515    0.00000    -0.0264967    0.307324    -0.0464604    -0.106456    -0.495784    0.374319    0.496053    0.489519    
