Printout for orthogonal test: 
Matrix M at iteration 350
M= 
0.293863    -0.271512    0.169741    -0.102879    -0.191758    -0.306205    0.229891    0.209942    -0.182976    0.291077    -0.303035    -0.0364970    0.255579    -0.164275    -0.204517    -0.00443316    -0.301427    -0.000696680    0.277542    -0.244259    
0.114338    0.288085    0.308411    0.201234    -0.279810    0.0573190    0.254787    -0.329123    -0.297918    -0.225993    -0.0316815    0.0768975    0.228505    0.291929    -0.264440    0.0103118    0.145654    0.000758605    0.181774    0.324083    
-0.246471    -0.0270790    0.397085    -0.285431    -0.223230    0.296448    0.0583420    0.298149    -0.309546    -0.120877    0.298942    -0.123210    -0.0457922    -0.348037    -0.143617    -0.0186541    0.234060    -0.000947729    -0.154410    -0.177641    
-0.221313    -0.260249    0.431753    0.342550    -0.0558906    -0.0987657    -0.187512    -0.123702    -0.221197    0.314029    0.0776025    0.175975    -0.271774    0.310551    0.0728122    0.0314647    -0.247987    0.00135106    -0.290022    -0.0972585    
0.144016    0.283364    0.419904    -0.357704    0.137350    -0.285142    -0.280502    -0.113597    -0.0668951    -0.0997281    -0.285212    -0.233594    -0.217712    -0.181193    0.243510    -0.0501358    -0.133104    -0.00256174    -0.0570084    0.299315    
0.292243    -0.0104397    0.374758    0.318641    0.270234    0.123153    -0.152904    0.289876    0.104962    -0.246761    -0.137705    0.290551    0.0536749    -0.00726625    0.266511    0.0767035    0.298140    0.00504001    0.246359    -0.268638    
0.00880779    -0.274008    0.311323    -0.221908    0.293181    0.279427    0.0900214    -0.301555    0.251619    0.258191    0.252261    -0.337663    0.273192    0.193215    0.137106    -0.113065    0.0289031    -0.00941111    0.251228    0.0197290    
-0.287651    0.254814    0.242983    0.0775977    0.207245    -0.128185    0.267506    0.132370    0.347394    0.0895118    0.206913    0.362563    0.237422    -0.303986    -0.0663210    0.160568    -0.307836    0.0163429    -0.0403683    0.245405    
-0.179024    0.0551973    0.179319    0.0857973    0.0511349    -0.281310    0.260714    0.120833    0.385022    -0.309141    -0.188286    -0.350612    -0.0118655    0.285938    -0.236538    -0.218812    0.0571314    -0.0278271    -0.286017    -0.295465    
0.174795    -0.300433    0.125529    -0.224781    -0.120488    0.113329    0.0841461    -0.292847    0.372579    0.0765090    -0.271933    0.290094    -0.251238    -0.135754    -0.295907    0.283171    0.293833    0.0465839    -0.215330    0.0758945    
0.295569    0.179408    0.0834541    0.291060    -0.260077    0.291259    -0.143923    0.256389    0.325702    0.270660    0.0833224    -0.178312    -0.283503    -0.0825538    -0.228460    -0.344702    -0.117839    -0.0750781    0.0852571    0.216287    
0.0346712    0.167335    0.0530099    -0.250477    -0.342670    -0.0749568    -0.289664    -0.0270722    0.262308    -0.200090    0.306993    0.0274409    -0.0937294    0.255775    -0.0723256    0.387518    -0.275148    0.116175    0.298557    -0.292888    
-0.269773    -0.295947    0.0324784    0.107446    -0.364368    -0.304722    -0.282422    -0.223606    0.196565    -0.188050    0.0605571    0.130659    0.165824    -0.279462    0.108997    -0.393177    0.151197    -0.172945    0.218631    0.0654463    
-0.249655    0.0253140    0.0189815    0.0848695    -0.338000    0.00755569    -0.138642    0.286415    0.138757    0.269657    -0.275872    -0.248624    0.309535    0.127568    0.257353    0.343503    0.263298    0.244314    -0.0659556    0.233129    
0.0589580    0.280733    0.0103558    -0.234170    -0.282166    0.306705    0.0655846    -0.0953173    0.0924786    0.100735    -0.214870    0.278807    0.251904    0.110623    0.340565    -0.229588    -0.159138    -0.325294    -0.291920    -0.268979    
0.302045    -0.181580    0.00566298    0.254540    -0.215179    0.0897633    0.244268    -0.184591    0.0584053    -0.297121    0.145187    -0.196842    0.0427641    -0.268485    0.354716    0.0612461    -0.266874    0.403538    -0.271408    -0.0119483    
0.225810    -0.188684    0.00330584    -0.121251    -0.151088    -0.273595    0.340528    0.281985    0.0350383    -0.0343732    0.310699    0.0254893    -0.190074    0.217824    0.314363    0.125095    0.140642    -0.457662    -0.0365725    0.278074    
-0.0775226    0.266493    0.00197279    -0.0912841    -0.0974755    -0.204378    0.340024    -0.0856372    0.0197185    0.302563    0.0762591    0.158724    -0.328332    0.0134884    0.241659    -0.269481    0.283761    0.460002    0.225667    -0.188203    
-0.307525    0.0834632    0.000820331    0.239116    -0.0558015    0.176450    0.261769    -0.204646    0.0100345    -0.000458834    -0.252502    -0.253884    -0.321665    -0.233183    0.157841    0.307457    -0.0897088    -0.385015    0.333462    -0.153460    
-0.263300    -0.295502    0.000253866    -0.203553    -0.0248712    0.298509    0.138646    0.259359    0.00388539    -0.302518    -0.285142    0.191978    -0.191860    0.233394    0.0761704    -0.206583    -0.305232    0.223564    0.232850    0.280856    
