Printout for orthogonal test: 
Matrix M at iteration 450
M= 
0.293521    -0.271515    0.169584    -0.102975    -0.191835    -0.306121    0.229454    0.209732    -0.182847    0.290463    -0.303218    -0.0365200    0.255499    -0.164077    -0.205556    -0.00459662    -0.301942    -0.000132740    0.277402    -0.244833    
0.113990    0.287820    0.308022    0.201126    -0.279885    0.0574174    0.254350    -0.328766    -0.297890    -0.225779    -0.0320080    0.0767628    0.228897    0.291811    -0.265516    0.0104155    0.146184    0.000330481    0.181415    0.324585    
-0.246621    -0.0269807    0.396972    -0.285226    -0.222939    0.296673    0.0583396    0.298031    -0.309341    -0.120157    0.299104    -0.123055    -0.0451655    -0.348210    -0.143523    -0.0187659    0.234527    -0.000690413    -0.154591    -0.178012    
-0.221598    -0.260520    0.432064    0.342270    -0.0560662    -0.0988208    -0.186880    -0.124101    -0.220933    0.313411    0.0779450    0.175946    -0.271531    0.310787    0.0732331    0.0312196    -0.248474    0.00135407    -0.289931    -0.0971359    
0.143945    0.283625    0.420198    -0.357607    0.136947    -0.285552    -0.279516    -0.112808    -0.0671795    -0.0999571    -0.285032    -0.233517    -0.218442    -0.181243    0.243608    -0.0496740    -0.132859    -0.00259425    -0.0567552    0.299504    
0.292467    -0.0106501    0.374853    0.318998    0.270103    0.122681    -0.152038    0.289188    0.104489    -0.246109    -0.137680    0.290513    0.0531202    -0.00727483    0.266779    0.0762485    0.298984    0.00484791    0.246914    -0.268776    
0.00910558    -0.273779    0.311264    -0.222380    0.293576    0.279105    0.0904618    -0.301445    0.251530    0.258030    0.251901    -0.337789    0.273199    0.193203    0.137011    -0.112933    0.0284623    -0.00884194    0.251557    0.0205367    
-0.287405    0.254895    0.242804    0.0779836    0.207530    -0.128140    0.267513    0.132673    0.347552    0.0888917    0.206597    0.362622    0.237543    -0.303905    -0.0667850    0.160871    -0.307988    0.0157332    -0.0401449    0.245002    
-0.179067    0.0552845    0.179037    0.0858946    0.0513318    -0.281086    0.260388    0.120431    0.385272    -0.309083    -0.188153    -0.350679    -0.0121751    0.285637    -0.236834    -0.219204    0.0581344    -0.0272210    -0.285956    -0.295610    
0.174884    -0.300218    0.125356    -0.225133    -0.120315    0.113398    0.0836229    -0.292536    0.372608    0.0771815    -0.271613    0.290205    -0.251374    -0.135571    -0.295973    0.283579    0.293798    0.0456715    -0.215494    0.0759495    
0.295778    0.179206    0.0836234    0.291010    -0.260439    0.291457    -0.144359    0.256520    0.325741    0.270618    0.0836944    -0.178239    -0.283141    -0.0823405    -0.228052    -0.344706    -0.118409    -0.0739935    0.0849033    0.216112    
0.0346382    0.167594    0.0532847    -0.250130    -0.343001    -0.0747937    -0.289835    -0.0274533    0.262337    -0.200934    0.307237    0.0273420    -0.0928995    0.255665    -0.0715812    0.387743    -0.274362    0.115289    0.298188    -0.293296    
-0.269743    -0.296027    0.0324997    0.106736    -0.364487    -0.304581    -0.282134    -0.223452    0.196888    -0.187372    0.0602730    0.130697    0.166191    -0.279561    0.109599    -0.393761    0.151648    -0.171828    0.218344    0.0662520    
-0.249438    0.0254296    0.0190081    0.0852061    -0.337467    0.00764838    -0.138024    0.286553    0.138755    0.270131    -0.276285    -0.248687    0.309604    0.127470    0.257863    0.344471    0.262808    0.243369    -0.0663192    0.232493    
0.0593888    0.280647    0.0106754    -0.234387    -0.281394    0.306626    0.0663359    -0.0953532    0.0923176    0.100308    -0.215156    0.278796    0.252036    0.110854    0.340812    -0.230612    -0.159310    -0.324714    -0.291893    -0.268693    
0.302437    -0.181504    0.00576279    0.254455    -0.214890    0.0893830    0.244992    -0.185136    0.0581736    -0.297548    0.145122    -0.196718    0.0432090    -0.268764    0.354136    0.0622271    -0.265964    0.403234    -0.271681    -0.0116969    
0.225924    -0.188975    0.00299231    -0.121381    -0.151387    -0.273783    0.341207    0.282794    0.0347505    -0.0341619    0.311018    0.0254428    -0.189337    0.217994    0.313169    0.124038    0.140472    -0.457670    -0.0365536    0.277704    
-0.0773321    0.266952    0.00148930    -0.0911785    -0.0980179    -0.204496    0.340692    -0.0861956    0.0195734    0.303338    0.0768163    0.158729    -0.327951    0.0135832    0.240788    -0.268073    0.283361    0.460520    0.225548    -0.187614    
-0.307224    0.0829754    0.000694095    0.239015    -0.0565963    0.176558    0.262333    -0.204807    0.0101254    -0.000515271    -0.251982    -0.253800    -0.321897    -0.233149    0.157501    0.306101    -0.0897966    -0.386135    0.333587    -0.153371    
-0.263181    -0.295166    0.000267794    -0.203563    -0.0252938    0.298509    0.138982    0.259767    0.00419895    -0.303305    -0.284849    0.191914    -0.192191    0.233232    0.0760609    -0.205635    -0.304542    0.224982    0.232793    0.280516    
