Printout for orthogonal test: 
Matrix M at iteration 300
M= 
0.294071    -0.273524    0.166497    -0.102734    -0.191416    -0.307849    0.232563    0.211055    -0.183903    0.291080    -0.303301    -0.0361367    0.251675    -0.161240    -0.207315    -0.00426648    -0.301928    0.000190542    0.274487    -0.244345    
0.116071    0.290647    0.304203    0.201439    -0.280897    0.0564773    0.258171    -0.331415    -0.299628    -0.224410    -0.0315693    0.0754324    0.225494    0.288234    -0.265567    0.0104684    0.144962    0.000573271    0.181858    0.323854    
-0.247279    -0.0275731    0.393289    -0.285209    -0.225699    0.296460    0.0597669    0.300798    -0.312971    -0.121633    0.299110    -0.122859    -0.0458343    -0.345155    -0.143358    -0.0184928    0.233541    -0.00131711    -0.152556    -0.178727    
-0.222945    -0.261927    0.429021    0.342836    -0.0608342    -0.0970006    -0.190195    -0.125857    -0.224547    0.313024    0.0775312    0.177263    -0.269537    0.310149    0.0745927    0.0315088    -0.246920    0.00171189    -0.289746    -0.0938447    
0.143986    0.285407    0.420932    -0.357324    0.132173    -0.284536    -0.282916    -0.112048    -0.0702057    -0.0970193    -0.285400    -0.233454    -0.215702    -0.183312    0.245685    -0.0504422    -0.132293    -0.00275427    -0.0570939    0.296345    
0.293427    -0.0109148    0.377597    0.319020    0.266296    0.122547    -0.151408    0.289948    0.102610    -0.245296    -0.137697    0.291226    0.0549310    -0.00473558    0.266073    0.0763614    0.298625    0.00458254    0.247112    -0.268520    
0.00966123    -0.275607    0.315621    -0.221682    0.290989    0.278660    0.0901858    -0.303186    0.249901    0.257330    0.252638    -0.337493    0.272666    0.190049    0.134847    -0.113004    0.0272785    -0.00905960    0.252437    0.0209788    
-0.287424    0.255414    0.246670    0.0776312    0.207250    -0.129075    0.265631    0.134353    0.345295    0.0901828    0.206804    0.362461    0.236711    -0.303904    -0.0688266    0.160748    -0.308021    0.0165623    -0.0410638    0.244423    
-0.181100    0.0557306    0.183226    0.0857753    0.0512426    -0.280344    0.257158    0.118442    0.383490    -0.308794    -0.188916    -0.350230    -0.0119123    0.288597    -0.235459    -0.218852    0.0568156    -0.0280538    -0.288463    -0.295007    
0.174719    -0.299630    0.127100    -0.224681    -0.120992    0.113561    0.0838369    -0.291841    0.371189    0.0754111    -0.271435    0.288993    -0.252018    -0.138336    -0.294436    0.283289    0.295001    0.0469606    -0.218849    0.0770800    
0.296047    0.179314    0.0832214    0.291312    -0.261553    0.291405    -0.140960    0.257222    0.325145    0.271242    0.0839529    -0.179033    -0.285919    -0.0821994    -0.226466    -0.344229    -0.118316    -0.0747607    0.0834780    0.214054    
0.0349672    0.166198    0.0526749    -0.250224    -0.345171    -0.0753724    -0.285654    -0.0286250    0.262603    -0.200038    0.306146    0.0287058    -0.0966919    0.256164    -0.0705843    0.387716    -0.275013    0.115404    0.300247    -0.292625    
-0.268360    -0.295193    0.0309227    0.107508    -0.366392    -0.304982    -0.278408    -0.221123    0.196438    -0.188656    0.0599013    0.130954    0.165613    -0.281836    0.106848    -0.393582    0.151536    -0.173527    0.221505    0.0665504    
-0.249294    0.0255080    0.0170416    0.0846903    -0.339024    0.00797753    -0.136759    0.285691    0.138622    0.270311    -0.274375    -0.248867    0.312462    0.128127    0.255191    0.343113    0.263944    0.244873    -0.0622964    0.233466    
0.0571698    0.279284    0.00866611    -0.234453    -0.281914    0.307879    0.0658037    -0.0960941    0.0920306    0.103088    -0.214812    0.279973    0.256172    0.110269    0.338148    -0.229546    -0.158983    -0.324920    -0.289919    -0.269284    
0.300290    -0.180657    0.00457483    0.254370    -0.213514    0.0898514    0.242647    -0.182686    0.0577013    -0.298867    0.143839    -0.196524    0.0471416    -0.270201    0.354564    0.0612003    -0.268281    0.403097    -0.274330    -0.0133197    
0.226461    -0.187845    0.00257265    -0.121173    -0.148895    -0.273989    0.341327    0.280112    0.0351352    -0.0348138    0.310372    0.0244807    -0.187101    0.218800    0.316128    0.124548    0.139499    -0.457676    -0.0424667    0.279459    
-0.0763985    0.263883    0.000922375    -0.0909894    -0.0952917    -0.205668    0.342240    -0.0859816    0.0200725    0.303239    0.0783402    0.158848    -0.327380    0.0134955    0.243794    -0.270019    0.283681    0.460740    0.220214    -0.188854    
-0.306778    0.0826783    0.000331035    0.239467    -0.0540177    0.174240    0.265102    -0.203081    0.0103619    0.00186265    -0.252848    -0.253163    -0.322431    -0.234650    0.160874    0.307511    -0.0887640    -0.384649    0.330925    -0.154799    
-0.261972    -0.292795    0.000622598    -0.203325    -0.0240043    0.297820    0.141059    0.257489    0.00445026    -0.302975    -0.286851    0.191901    -0.193212    0.233587    0.0777689    -0.206228    -0.304036    0.223323    0.233103    0.284229    
