Printout for orthogonal test: 
Matrix M at iteration 200
M= 
0.294885    -0.288660    0.157538    -0.110562    -0.159212    -0.305249    0.235243    0.212890    -0.184040    0.300257    -0.313957    -0.0415905    0.243980    -0.156736    -0.217996    0.0100823    -0.295495    -0.00549056    0.269758    -0.239442    
0.144565    0.300524    0.297031    0.201764    -0.243945    0.0427946    0.256745    -0.321765    -0.305870    -0.223895    -0.0414397    0.0772644    0.229421    0.274111    -0.297813    -0.0126258    0.152704    -0.00192833    0.178909    0.325166    
-0.233228    -0.0167132    0.393269    -0.295075    -0.202055    0.302344    0.0611947    0.292896    -0.318179    -0.129727    0.286568    -0.125139    -0.0444475    -0.335086    -0.183251    0.0121808    0.226564    -0.00841911    -0.164867    -0.198508    
-0.223846    -0.270889    0.433010    0.362730    -0.0570655    -0.0932179    -0.193502    -0.128093    -0.224891    0.308482    0.0839949    0.174857    -0.247919    0.304740    0.0345236    -0.00993292    -0.241803    -0.000234140    -0.296481    -0.0792894    
0.135412    0.273501    0.422556    -0.380007    0.124007    -0.292722    -0.297227    -0.114552    -0.0645737    -0.0898363    -0.285418    -0.220215    -0.207264    -0.166065    0.237520    -0.00451328    -0.136271    -0.00323274    -0.0808358    0.295104    
0.296542    -0.00186394    0.380153    0.342152    0.252087    0.114098    -0.155454    0.303588    0.101525    -0.242212    -0.144733    0.277034    0.0499046    -0.0248215    0.283179    0.0355501    0.289446    0.00624950    0.229941    -0.263925    
0.0226142    -0.263645    0.322514    -0.229806    0.276118    0.300428    0.100914    -0.318497    0.246911    0.251141    0.241736    -0.327272    0.264888    0.192729    0.161609    -0.0840211    0.0394124    -0.00595969    0.251663    0.00649541    
-0.272527    0.249838    0.247483    0.0742698    0.188607    -0.123013    0.281705    0.150210    0.350724    0.0920904    0.229799    0.358796    0.229617    -0.295412    -0.0468259    0.156338    -0.315934    0.00679820    -0.0262649    0.252416    
-0.169582    0.0555215    0.175143    0.0825282    0.0410595    -0.290028    0.271385    0.110005    0.409230    -0.305077    -0.171507    -0.363702    -0.0188702    0.278534    -0.218962    -0.224432    0.0485838    -0.00456559    -0.277527    -0.285011    
0.158307    -0.290136    0.116046    -0.196315    -0.143172    0.114420    0.0737446    -0.279763    0.395284    0.0724639    -0.276418    0.319425    -0.242281    -0.123914    -0.279953    0.296708    0.304137    0.00469948    -0.209086    0.0693923    
0.280191    0.173416    0.0780607    0.252547    -0.292500    0.288316    -0.159994    0.247920    0.322348    0.279104    0.0738292    -0.210145    -0.274076    -0.104644    -0.213162    -0.357154    -0.115181    -0.0167434    0.100783    0.227186    
0.0276392    0.148997    0.0583406    -0.213211    -0.373365    -0.0739163    -0.293073    -0.0175502    0.238330    -0.205576    0.288440    0.0528480    -0.0701933    0.286780    -0.0576578    0.396484    -0.274708    0.0491267    0.315771    -0.294570    
-0.279501    -0.289282    0.0406510    0.0700026    -0.364614    -0.304862    -0.255970    -0.222748    0.156175    -0.184203    0.0627402    0.115057    0.199135    -0.306133    0.111655    -0.418818    0.161493    -0.119453    0.222080    0.0648820    
-0.264567    0.0294705    0.0200607    0.101885    -0.337405    0.00411768    -0.114924    0.280442    0.0930877    0.266120    -0.265607    -0.245309    0.336057    0.138091    0.251052    0.364134    0.275065    0.209250    -0.0755148    0.222837    
0.0574852    0.283371    0.00356667    -0.209135    -0.288465    0.301564    0.0768763    -0.0882139    0.0604631    0.0999142    -0.225790    0.269534    0.260407    0.102018    0.325689    -0.260923    -0.174985    -0.318617    -0.303186    -0.266649    
0.310268    -0.189500    0.00471554    0.228876    -0.236826    0.0866743    0.234158    -0.188274    0.0259365    -0.298591    0.142469    -0.186672    0.0417113    -0.263732    0.335683    0.106375    -0.272102    0.413686    -0.275855    -0.00159686    
0.240191    -0.192540    0.00602518    -0.0993533    -0.167845    -0.265229    0.321559    0.275599    0.00373002    -0.0224674    0.321149    0.0168249    -0.190455    0.210510    0.312562    0.0687432    0.159973    -0.475555    -0.0509023    0.275997    
-0.0703971    0.272974    0.0177925    -0.119240    -0.115994    -0.204494    0.331545    -0.0887582    -0.0116301    0.307522    0.0793488    0.162270    -0.335295    0.0206305    0.247018    -0.209437    0.272437    0.478413    0.208523    -0.203166    
-0.308040    0.0812418    0.0149355    0.267165    -0.0667862    0.161715    0.264852    -0.205014    -0.0139131    -0.0129671    -0.254779    -0.245559    -0.333371    -0.237279    0.169102    0.266060    -0.0983792    -0.397468    0.326411    -0.132377    
-0.261290    -0.295777    0.0125974    -0.217177    -0.0317350    0.292014    0.148283    0.264877    -0.0124239    -0.303019    -0.286889    0.189455    -0.187050    0.250244    0.0863510    -0.191747    -0.276343    0.230885    0.224599    0.293883    
